Central Asia = 367.5910971679688
North Asia = 362.8356633875107
Oceania = 315.5103561800975
Southeast Asia = 282.6536174496644
North = 260.84965569905955
Central = 253.87267427723307
South = 240.91904302182093
East = 238.3361095505618
West = 226.49323275054635
Caribbean = 191.882166295858
Canada = 174.292109375
Africa = 170.86836952256377
EMEA = 160.30250765559754
