Corporate = 247.89017573789616
Home Office = 247.2284031424596
Consumer = 245.41629903688064
