Tables = 879.2589133565622
Copiers = 679.0086699415205
Bookcases = 608.2837999999999
Appliances = 576.1050170940172
Machines = 524.2665323687753
Phones = 508.4373366696456
Chairs = 437.2981258590564
Accessories = 243.6543149593496
Storage = 222.78827068590635
Furnishings = 121.63351921135646
Supplies = 100.236792
Art = 76.20150847839443
Binders = 75.0831446196359
Envelopes = 70.18657149897331
Paper = 69.04797043527417
Fasteners = 34.397651198347106
Labels = 28.16731772831926
